common factors:
1) 1	
2) 1	3
3) 2	3
4) 2	5
5) 3	5
6) 3	7
7) 4	7	2	
8) 4	9	2	3
9) 5	9	3
10) 5	11
11) 6	11	2	3

n		n + 1		n(n + 1)/2		fac(n)		fac(n + 1)		fac(n(n + 1)/2)			counts
1		2			1				1			1 2				1						1 2 1
2		3			3				1 2			1 3				1 3						2 2 2
3		4			6				1 3			1 2 4			1 2 3 6					2 3 4
4		5			10				1 2 4		1 5				1 2 5 10				3 2 4
5		6			15				1 5			1 2 3 6			1 3 5 15				2 4 4
6		7			21				1 2 3 6		1 7				1 3 7 21				4 2 4
7		8			28				1 7			1 2 4 8			1 2 4 7 14 28			2 4 6
8		9			36				1 2 4 8		1 3 9			1 2 3 4 6 9 12 18 36	4 3 9
9		10			45				1 3 9		1 2 5 10		1 3 5 9 15 45			3 4 6
10		11			55				1 2 5 10	1 11			1 5 11 55				4 2 4


n	n/2		n + 1		n(n + 1)/2		fac(n/2)		fac(n + 1)		fac(n(n + 1)/2)			counts
2	1		3			3				1				1 3				1 3						1 2 2
4	2		5			10				1 2				1 5				1 2 5 10				2 2 4
6	3		7			21				1 3				1 7				1 3 7 21				2 2 4
8	4		9			36				1 2 4			1 3 9			1 2 3 4 6 9 12 18 36	3 3 9
10	5		11			55				1 5				1 11			1 5 11 55				2 2 4


n		n + 1	(n + 1)/2	n(n + 1)/2		fac(n)		fac((n + 1)/2)	fac(n(n + 1)/2)			counts
1		2		1			1				1			1				1						1 1 1
3		4		2			6				1 3			1 2				1 2 3 6					2 2 4
5		6		3			15				1 5			1 3				1 3 5 15				2 2 4
7		8		4			28				1 7			1 2 4			1 2 4 7 14 28			2 3 6
9		10		5			45				1 3 9		1 5				1 3 5 9 15 45			3 2 6
