1: 1: 1 
2: 3: 1 3 
3: 6: 1 2 3 6 
4: 10: 1 2 5 10 
5: 15: 1 3 5 15 
6: 21: 1 3 7 21 
7: 28: 1 2 4 7 14 28 
8: 36: 1 2 3 4 6 9 12 18 36 
9: 45: 1 3 5 9 15 45 
10: 55: 1 5 11 55 
11: 66: 1 2 3 6 11 22 33 66 
12: 78: 1 2 3 6 13 26 39 78 
13: 91: 1 7 13 91 
14: 105: 1 3 5 7 15 21 35 105 
15: 120: 1 2 3 4 5 6 8 10 12 15 20 24 30 40 60 120 
16: 136: 1 2 4 8 17 34 68 136 
17: 153: 1 3 9 17 51 153 
18: 171: 1 3 9 19 57 171 
19: 190: 1 2 5 10 19 38 95 190 
20: 210: 1 2 3 5 6 7 10 14 15 21 30 35 42 70 105 210 
21: 231: 1 3 7 11 21 33 77 231 
22: 253: 1 11 23 253 
23: 276: 1 2 3 4 6 12 23 46 69 92 138 276 
24: 300: 1 2 3 4 5 6 10 12 15 20 25 30 50 60 75 100 150 300 
25: 325: 1 5 13 25 65 325 
26: 351: 1 3 9 13 27 39 117 351 
27: 378: 1 2 3 6 7 9 14 18 21 27 42 54 63 126 189 378 
28: 406: 1 2 7 14 29 58 203 406 
29: 435: 1 3 5 15 29 87 145 435 
30: 465: 1 3 5 15 31 93 155 465 
31: 496: 1 2 4 8 16 31 62 124 248 496 
32: 528: 1 2 3 4 6 8 11 12 16 22 24 33 44 48 66 88 132 176 264 528 
33: 561: 1 3 11 17 33 51 187 561 
34: 595: 1 5 7 17 35 85 119 595 
35: 630: 1 2 3 5 6 7 9 10 14 15 18 21 30 35 42 45 63 70 90 105 126 210 315 630 
finished in 0 milliseconds.
