p(10) = 
p(0) + p(1) + p(2) + p(3) + p(4) + p(5)
+ (p(6) - (p(0) + p(1)))                    p(6) limit 4 (10 - 6)
+ (p(7) - (p(0) + p(1) + p(2) + p(3)))      p(7) limit 3 (10 - 7)
+ (p(8) - (p(0) + p(1) + p(2) + p(3) + p(4) + (p(5) - (p(0) + p(1)))))    p(8) limit 2 (10 - 8)
+ (p(9) - (p(0) + p(1) + p(2) + p(3) + p(4)     p(9) limit 1 (10 - 9)
  + (p(5) - p(0))
  + (p(6) - (p(0) + p(1) + p(2)))
  + (p(7) - (p(0) + p(1) + p(2) + p(3) + (p(4) - p(0))))))

p(10) = p(0) limit 10
  + p(1) limit 9
  + p(2) limit 8
  + p(3) limit 7
  + p(4) limit 6
  + p(5) limit 5
  + p(6) limit 4
  + p(7) limit 3
  + p(8) limit 2
  + p(9) limit 1

p(10) = 1
+ 1
+ 2
+ 3
+ 5
+ 7
+ 9
+ 7
+ 4
+ 1

p(2) = p(0) limit 2
  + p(1) limit 1

p(3) = p(0) limit 3
  + p(1) limit 2
  + p(2) limit 1

p(2) limit 1 = p(1) limit 1

p(4) = p(0) limit 4
  + p(1) limit 3
  + p(2) limit 2
  + p(3) limit 1

p(3) limit 1 = p(2) limit 1

p(6) limit 4 = p(6)
  - p(0) limit 6   (6 - 0 = 6)
  - p(1) limit 5        (6 - 1 = 5)

p(6) limit 4 = p(2) limit 4
  + p(3) limit 3
  + p(4) limit 2
  + p(5) limit 1

p(8) = p(0) limit 8
  + p(1) limit 7
  + p(2) limit 6
  + p(3) limit 5
  + p(4) limit 4
  + p(5) limit 3
  + p(6) limit 2
  + p(7) limit 1

p(8) limit 2 = p(8)
  - p(0) limit 8
  - p(1) limit 7
  - p(2) limit 6
  - p(3) limit 5
  - p(4) limit 4
  - p(5) limit 3

p(8) limit 2 = p(6) limit 2
  + p(7) limit 1

p(9) = p(0) limit 9
  + p(1) limit 8
  + p(2) limit 7
  + p(3) limit 6
  + p(4) limit 5
  + p(5) limit 4
  + p(6) limit 3
  + p(7) limit 2
  + p(8) limit 1

[10]
[9, 1]
[8, 2]
[8, 1, 1]
[7, 3]
[7, 2, 1]
[7, 1, 1, 1]
[6, 4]
[6, 3, 1]
[6, 2, 2]
[6, 2, 1, 1]
[6, 1, 1, 1, 1]
[5, 5]
[5, 4, 1]
[5, 3, 2]
[5, 3, 1, 1]
[5, 2, 2, 1]
[5, 2, 1, 1, 1]
[5, 1, 1, 1, 1, 1]
[4, 4, 2]
[4, 4, 1, 1]
[4, 3, 3]
[4, 3, 2, 1]
[4, 3, 1, 1, 1]
[4, 2, 2, 2]
[4, 2, 2, 1, 1]
[4, 2, 1, 1, 1, 1]
[4, 1, 1, 1, 1, 1, 1]
[3, 3, 3, 1]
[3, 3, 2, 2]
[3, 3, 2, 1, 1]
[3, 3, 1, 1, 1, 1]
[3, 2, 2, 2, 1]
[3, 2, 2, 1, 1, 1]
[3, 2, 1, 1, 1, 1, 1]
[3, 1, 1, 1, 1, 1, 1, 1]
[2, 2, 2, 2, 2]
[2, 2, 2, 2, 1, 1]
[2, 2, 2, 1, 1, 1, 1]
[2, 2, 1, 1, 1, 1, 1, 1]
[2, 1, 1, 1, 1, 1, 1, 1, 1]
[1, 1, 1, 1, 1, 1, 1, 1, 1, 1]
10 : 42

[9]
[8, 1]
[7, 2]
[7, 1, 1]
[6, 3]
[6, 2, 1]
[6, 1, 1, 1]
[5, 4]
[5, 3, 1]
[5, 2, 2]
[5, 2, 1, 1]
[5, 1, 1, 1, 1]
[4, 4, 1]
[4, 3, 2]
[4, 3, 1, 1]
[4, 2, 2, 1]
[4, 2, 1, 1, 1]
[4, 1, 1, 1, 1, 1]
[3, 3, 3]
[3, 3, 2, 1]
[3, 3, 1, 1, 1]
[3, 2, 2, 2]
[3, 2, 2, 1, 1]
[3, 2, 1, 1, 1, 1]
[3, 1, 1, 1, 1, 1, 1]
[2, 2, 2, 2, 1]
[2, 2, 2, 1, 1, 1]
[2, 2, 1, 1, 1, 1, 1]
[2, 1, 1, 1, 1, 1, 1, 1]
[1, 1, 1, 1, 1, 1, 1, 1, 1]

[8]
[7, 1]
[6, 2]
[6, 1, 1]
[5, 3]
[5, 2, 1]
[5, 1, 1, 1]
[4, 4]
[4, 3, 1]
[4, 2, 2]
[4, 2, 1, 1]
[4, 1, 1, 1, 1]
[3, 3, 2]
[3, 3, 1, 1]
[3, 2, 2, 1]
[3, 2, 1, 1, 1]
[3, 1, 1, 1, 1, 1]
[2, 2, 2, 2]
[2, 2, 2, 1, 1]
[2, 2, 1, 1, 1, 1]
[2, 1, 1, 1, 1, 1, 1]
[1, 1, 1, 1, 1, 1, 1, 1]

[7]
[6, 1]
[5, 2]
[5, 1, 1]
[4, 3]
[4, 2, 1]
[4, 1, 1, 1]
[3, 3, 1]
[3, 2, 2]
[3, 2, 1, 1]
[3, 1, 1, 1, 1]
[2, 2, 2, 1]
[2, 2, 1, 1, 1]
[2, 1, 1, 1, 1, 1]
[1, 1, 1, 1, 1, 1, 1]

[6]
[5, 1]
[4, 2]
[4, 1, 1]
[3, 3]
[3, 2, 1]
[3, 1, 1, 1]
[2, 2, 2]
[2, 2, 1, 1]
[2, 1, 1, 1, 1]
[1, 1, 1, 1, 1, 1]

[5]
[4, 1]
[3, 2]
[3, 1, 1]
[2, 2, 1]
[2, 1, 1, 1]
[1, 1, 1, 1, 1]
