3 4 5
5 12 13
7 24 25
8 15 17
9 40 41
11 60 61
12 35 37
13 84 85
15 112 113
16 63 65
17 144 145
19 180 181
20 99 101
21 220 221
23 264 265
24 143 145
25 312 313
27 364 365
28 195 197
29 420 421
31 480 481
32 255 257
33 544 545
35 612 613
36 323 325
37 684 685
39 760 761
40 399 401
41 840 841
43 924 925
44 483 485
45 1012 1013
47 1104 1105
48 575 577
49 1200 1201
51 1300 1301
52 675 677
53 1404 1405
55 1512 1513
56 783 785
57 1624 1625
59 1740 1741
60 899 901
61 1860 1861
63 1984 1985
64 1023 1025
65 2112 2113
67 2244 2245
68 1155 1157
69 2380 2381
71 2520 2521
72 1295 1297
73 2664 2665
75 2812 2813
76 1443 1445
77 2964 2965
79 3120 3121
80 1599 1601
81 3280 3281
83 3444 3445
84 1763 1765
85 3612 3613
87 3784 3785
88 1935 1937
89 3960 3961
91 4140 4141
92 2115 2117
93 4324 4325
95 4512 4513
96 2303 2305
97 4704 4705
99 4900 4901
100 2499 2501
101 5100 5101
103 5304 5305
104 2703 2705
105 5512 5513
107 5724 5725
108 2915 2917
109 5940 5941
111 6160 6161
112 3135 3137
113 6384 6385
115 6612 6613
116 3363 3365
117 6844 6845
119 7080 7081
120 3599 3601
121 7320 7321
123 7564 7565
124 3843 3845
125 7812 7813
127 8064 8065
128 4095 4097
129 8320 8321
131 8580 8581
132 4355 4357
133 8844 8845
135 9112 9113
136 4623 4625
137 9384 9385
139 9660 9661
140 4899 4901
141 9940 9941
143 10224 10225
144 5183 5185
145 10512 10513
147 10804 10805
148 5475 5477
149 11100 11101
151 11400 11401
152 5775 5777
153 11704 11705
155 12012 12013
156 6083 6085
157 12324 12325
159 12640 12641
160 6399 6401
161 12960 12961
163 13284 13285
164 6723 6725
165 13612 13613
167 13944 13945
168 7055 7057
169 14280 14281
171 14620 14621
172 7395 7397
173 14964 14965
175 15312 15313
176 7743 7745
177 15664 15665
179 16020 16021
180 8099 8101
181 16380 16381
183 16744 16745
184 8463 8465
185 17112 17113
187 17484 17485
188 8835 8837
189 17860 17861
191 18240 18241
192 9215 9217
193 18624 18625
195 19012 19013
196 9603 9605
197 19404 19405
199 19800 19801
200 9999 10001
201 20200 20201
203 20604 20605
204 10403 10405
205 21012 21013
207 21424 21425
208 10815 10817
209 21840 21841
211 22260 22261
212 11235 11237
213 22684 22685
215 23112 23113
216 11663 11665
217 23544 23545
219 23980 23981
220 12099 12101
221 24420 24421
223 24864 24865
224 12543 12545
225 25312 25313
227 25764 25765
228 12995 12997
229 26220 26221
231 26680 26681
232 13455 13457
233 27144 27145
235 27612 27613
236 13923 13925
237 28084 28085
239 28560 28561
240 14399 14401
241 29040 29041
243 29524 29525
244 14883 14885
245 30012 30013
247 30504 30505
248 15375 15377
249 31000 31001
251 31500 31501
252 15875 15877
253 32004 32005
255 32512 32513
256 16383 16385
257 33024 33025
259 33540 33541
260 16899 16901
261 34060 34061
263 34584 34585
264 17423 17425
265 35112 35113
267 35644 35645
268 17955 17957
269 36180 36181
271 36720 36721
272 18495 18497
273 37264 37265
275 37812 37813
276 19043 19045
277 38364 38365
279 38920 38921
280 19599 19601
281 39480 39481
283 40044 40045
284 20163 20165
285 40612 40613
287 41184 41185
288 20735 20737
289 41760 41761
291 42340 42341
292 21315 21317
293 42924 42925
295 43512 43513
296 21903 21905
297 44104 44105
299 44700 44701
300 22499 22501
301 45300 45301
303 45904 45905
304 23103 23105
305 46512 46513
307 47124 47125
308 23715 23717
309 47740 47741
311 48360 48361
312 24335 24337
313 48984 48985
315 49612 49613
316 24963 24965
317 50244 50245
319 50880 50881
320 25599 25601
321 51520 51521
323 52164 52165
324 26243 26245
325 52812 52813
327 53464 53465
328 26895 26897
329 54120 54121
331 54780 54781
332 27555 27557
333 55444 55445
335 56112 56113
336 28223 28225
337 56784 56785
339 57460 57461
340 28899 28901
341 58140 58141
343 58824 58825
344 29583 29585
345 59512 59513
347 60204 60205
348 30275 30277
349 60900 60901
351 61600 61601
352 30975 30977
353 62304 62305
355 63012 63013
356 31683 31685
357 63724 63725
359 64440 64441
360 32399 32401
361 65160 65161
363 65884 65885
364 33123 33125
365 66612 66613
367 67344 67345
368 33855 33857
369 68080 68081
371 68820 68821
372 34595 34597
373 69564 69565
375 70312 70313
376 35343 35345
377 71064 71065
379 71820 71821
380 36099 36101
381 72580 72581
383 73344 73345
384 36863 36865
385 74112 74113
387 74884 74885
388 37635 37637
389 75660 75661
391 76440 76441
392 38415 38417
393 77224 77225
395 78012 78013
396 39203 39205
397 78804 78805
399 79600 79601
400 39999 40001
401 80400 80401
403 81204 81205
404 40803 40805
405 82012 82013
407 82824 82825
408 41615 41617
409 83640 83641
411 84460 84461
412 42435 42437
413 85284 85285
415 86112 86113
416 43263 43265
417 86944 86945
419 87780 87781
420 44099 44101
421 88620 88621
423 89464 89465
424 44943 44945
425 90312 90313
427 91164 91165
428 45795 45797
429 92020 92021
431 92880 92881
432 46655 46657
433 93744 93745
435 94612 94613
436 47523 47525
437 95484 95485
439 96360 96361
440 48399 48401
441 97240 97241
443 98124 98125
444 49283 49285
445 99012 99013
447 99904 99905
448 50175 50177
449 100800 100801
451 101700 101701
452 51075 51077
453 102604 102605
455 103512 103513
456 51983 51985
457 104424 104425
459 105340 105341
460 52899 52901
461 106260 106261
463 107184 107185
464 53823 53825
465 108112 108113
467 109044 109045
468 54755 54757
469 109980 109981
471 110920 110921
472 55695 55697
473 111864 111865
475 112812 112813
476 56643 56645
477 113764 113765
479 114720 114721
480 57599 57601
481 115680 115681
483 116644 116645
484 58563 58565
485 117612 117613
487 118584 118585
488 59535 59537
489 119560 119561
491 120540 120541
492 60515 60517
493 121524 121525
495 122512 122513
496 61503 61505
497 123504 123505
499 124500 124501
500 62499 62501
501 125500 125501
503 126504 126505
504 63503 63505
505 127512 127513
507 128524 128525
508 64515 64517
509 129540 129541
511 130560 130561
512 65535 65537
513 131584 131585
515 132612 132613
516 66563 66565
517 133644 133645
519 134680 134681
520 67599 67601
521 135720 135721
523 136764 136765
524 68643 68645
525 137812 137813
527 138864 138865
528 69695 69697
529 139920 139921
531 140980 140981
532 70755 70757
533 142044 142045
535 143112 143113
536 71823 71825
537 144184 144185
539 145260 145261
540 72899 72901
541 146340 146341
543 147424 147425
544 73983 73985
545 148512 148513
547 149604 149605
548 75075 75077
549 150700 150701
551 151800 151801
552 76175 76177
553 152904 152905
555 154012 154013
556 77283 77285
557 155124 155125
559 156240 156241
560 78399 78401
561 157360 157361
563 158484 158485
564 79523 79525
565 159612 159613
567 160744 160745
568 80655 80657
569 161880 161881
571 163020 163021
572 81795 81797
573 164164 164165
575 165312 165313
576 82943 82945
577 166464 166465
579 167620 167621
580 84099 84101
581 168780 168781
583 169944 169945
584 85263 85265
585 171112 171113
587 172284 172285
588 86435 86437
589 173460 173461
591 174640 174641
592 87615 87617
593 175824 175825
595 177012 177013
596 88803 88805
597 178204 178205
599 179400 179401
600 89999 90001
601 180600 180601
603 181804 181805
604 91203 91205
605 183012 183013
607 184224 184225
608 92415 92417
609 185440 185441
611 186660 186661
612 93635 93637
613 187884 187885
615 189112 189113
616 94863 94865
617 190344 190345
619 191580 191581
620 96099 96101
621 192820 192821
623 194064 194065
624 97343 97345
625 195312 195313
627 196564 196565
628 98595 98597
629 197820 197821
631 199080 199081
632 99855 99857
633 200344 200345
635 201612 201613
636 101123 101125
637 202884 202885
639 204160 204161
640 102399 102401
641 205440 205441
643 206724 206725
644 103683 103685
645 208012 208013
647 209304 209305
648 104975 104977
649 210600 210601
651 211900 211901
652 106275 106277
653 213204 213205
655 214512 214513
656 107583 107585
657 215824 215825
659 217140 217141
660 108899 108901
661 218460 218461
663 219784 219785
664 110223 110225
665 221112 221113
667 222444 222445
668 111555 111557
669 223780 223781
671 225120 225121
672 112895 112897
673 226464 226465
675 227812 227813
676 114243 114245
677 229164 229165
679 230520 230521
680 115599 115601
681 231880 231881
683 233244 233245
684 116963 116965
685 234612 234613
687 235984 235985
688 118335 118337
689 237360 237361
691 238740 238741
692 119715 119717
693 240124 240125
695 241512 241513
696 121103 121105
697 242904 242905
699 244300 244301
700 122499 122501
701 245700 245701
703 247104 247105
704 123903 123905
705 248512 248513
707 249924 249925
708 125315 125317
709 251340 251341
711 252760 252761
712 126735 126737
713 254184 254185
715 255612 255613
716 128163 128165
717 257044 257045
719 258480 258481
720 129599 129601
721 259920 259921
723 261364 261365
724 131043 131045
725 262812 262813
727 264264 264265
728 132495 132497
729 265720 265721
731 267180 267181
732 133955 133957
733 268644 268645
735 270112 270113
736 135423 135425
737 271584 271585
739 273060 273061
740 136899 136901
741 274540 274541
743 276024 276025
744 138383 138385
745 277512 277513
747 279004 279005
748 139875 139877
749 280500 280501
751 282000 282001
752 141375 141377
753 283504 283505
755 285012 285013
756 142883 142885
757 286524 286525
759 288040 288041
760 144399 144401
761 289560 289561
763 291084 291085
764 145923 145925
765 292612 292613
767 294144 294145
768 147455 147457
769 295680 295681
771 297220 297221
772 148995 148997
773 298764 298765
775 300312 300313
776 150543 150545
777 301864 301865
779 303420 303421
780 152099 152101
781 304980 304981
783 306544 306545
784 153663 153665
785 308112 308113
787 309684 309685
788 155235 155237
789 311260 311261
791 312840 312841
792 156815 156817
793 314424 314425
795 316012 316013
796 158403 158405
797 317604 317605
799 319200 319201
800 159999 160001
801 320800 320801
803 322404 322405
804 161603 161605
805 324012 324013
807 325624 325625
808 163215 163217
809 327240 327241
811 328860 328861
812 164835 164837
813 330484 330485
815 332112 332113
816 166463 166465
817 333744 333745
819 335380 335381
820 168099 168101
821 337020 337021
823 338664 338665
824 169743 169745
825 340312 340313
827 341964 341965
828 171395 171397
829 343620 343621
831 345280 345281
832 173055 173057
833 346944 346945
835 348612 348613
836 174723 174725
837 350284 350285
839 351960 351961
840 176399 176401
841 353640 353641
843 355324 355325
844 178083 178085
845 357012 357013
847 358704 358705
848 179775 179777
849 360400 360401
851 362100 362101
852 181475 181477
853 363804 363805
855 365512 365513
856 183183 183185
857 367224 367225
859 368940 368941
860 184899 184901
861 370660 370661
863 372384 372385
864 186623 186625
865 374112 374113
867 375844 375845
868 188355 188357
869 377580 377581
871 379320 379321
872 190095 190097
873 381064 381065
875 382812 382813
876 191843 191845
877 384564 384565
879 386320 386321
880 193599 193601
881 388080 388081
883 389844 389845
884 195363 195365
885 391612 391613
887 393384 393385
888 197135 197137
889 395160 395161
891 396940 396941
892 198915 198917
893 398724 398725
895 400512 400513
896 200703 200705
897 402304 402305
899 404100 404101
900 202499 202501
901 405900 405901
903 407704 407705
904 204303 204305
905 409512 409513
907 411324 411325
908 206115 206117
909 413140 413141
911 414960 414961
912 207935 207937
913 416784 416785
915 418612 418613
916 209763 209765
917 420444 420445
919 422280 422281
920 211599 211601
921 424120 424121
923 425964 425965
924 213443 213445
925 427812 427813
927 429664 429665
928 215295 215297
929 431520 431521
931 433380 433381
932 217155 217157
933 435244 435245
935 437112 437113
936 219023 219025
937 438984 438985
939 440860 440861
940 220899 220901
941 442740 442741
943 444624 444625
944 222783 222785
945 446512 446513
947 448404 448405
948 224675 224677
949 450300 450301
951 452200 452201
952 226575 226577
953 454104 454105
955 456012 456013
956 228483 228485
957 457924 457925
959 459840 459841
960 230399 230401
961 461760 461761
963 463684 463685
964 232323 232325
965 465612 465613
967 467544 467545
968 234255 234257
969 469480 469481
971 471420 471421
972 236195 236197
973 473364 473365
975 475312 475313
976 238143 238145
977 477264 477265
979 479220 479221
980 240099 240101
981 481180 481181
983 483144 483145
984 242063 242065
985 485112 485113
987 487084 487085
988 244035 244037
989 489060 489061
991 491040 491041
992 246015 246017
993 493024 493025
995 495012 495013
996 248003 248005
997 497004 497005
999 499000 499001
1000 249999 250001
1001 501000 501001
1003 503004 503005
1004 252003 252005
1005 505012 505013
1007 507024 507025
1008 254015 254017
1009 509040 509041
1011 511060 511061
1012 256035 256037
1013 513084 513085
1015 515112 515113
1016 258063 258065
1017 517144 517145
1019 519180 519181
1020 260099 260101
1021 521220 521221
1023 523264 523265
1024 262143 262145
1025 525312 525313
1027 527364 527365
1028 264195 264197
1029 529420 529421
1031 531480 531481
1032 266255 266257
1033 533544 533545
1035 535612 535613
1036 268323 268325
1037 537684 537685
1039 539760 539761
1040 270399 270401
1041 541840 541841
1043 543924 543925
1044 272483 272485
1045 546012 546013
1047 548104 548105
1048 274575 274577
1049 550200 550201
1051 552300 552301
1052 276675 276677
1053 554404 554405
1055 556512 556513
1056 278783 278785
1057 558624 558625
1059 560740 560741
1060 280899 280901
1061 562860 562861
1063 564984 564985
1064 283023 283025
1065 567112 567113
1067 569244 569245
1068 285155 285157
1069 571380 571381
1071 573520 573521
1072 287295 287297
1073 575664 575665
1075 577812 577813
1076 289443 289445
1077 579964 579965
1079 582120 582121
1080 291599 291601
1081 584280 584281
1083 586444 586445
1084 293763 293765
1085 588612 588613
1087 590784 590785
1088 295935 295937
1089 592960 592961
1091 595140 595141
1092 298115 298117
1093 597324 597325
1095 599512 599513
1096 300303 300305
1097 601704 601705
1099 603900 603901
1100 302499 302501
1101 606100 606101
1103 608304 608305
1104 304703 304705
1105 610512 610513
1107 612724 612725
1108 306915 306917
1109 614940 614941
1111 617160 617161
1112 309135 309137
1113 619384 619385
1115 621612 621613
1116 311363 311365
1117 623844 623845
1119 626080 626081
1120 313599 313601
1121 628320 628321
1123 630564 630565
1124 315843 315845
1125 632812 632813
1127 635064 635065
1128 318095 318097
1129 637320 637321
1131 639580 639581
1132 320355 320357
1133 641844 641845
1135 644112 644113
1136 322623 322625
1137 646384 646385
1139 648660 648661
1140 324899 324901
1141 650940 650941
1143 653224 653225
1144 327183 327185
1145 655512 655513
1147 657804 657805
1148 329475 329477
1149 660100 660101
1151 662400 662401
1152 331775 331777
1153 664704 664705
1155 667012 667013
1156 334083 334085
1157 669324 669325
1159 671640 671641
1160 336399 336401
1161 673960 673961
1163 676284 676285
1164 338723 338725
1165 678612 678613
1167 680944 680945
1168 341055 341057
1169 683280 683281
1171 685620 685621
1172 343395 343397
1173 687964 687965
1175 690312 690313
1176 345743 345745
1177 692664 692665
1179 695020 695021
1180 348099 348101
1181 697380 697381
1183 699744 699745
1184 350463 350465
1185 702112 702113
1187 704484 704485
1188 352835 352837
1189 706860 706861
1191 709240 709241
1192 355215 355217
1193 711624 711625
1195 714012 714013
1196 357603 357605
1197 716404 716405
1199 718800 718801
1200 359999 360001
1201 721200 721201
1203 723604 723605
1204 362403 362405
1205 726012 726013
1207 728424 728425
1208 364815 364817
1209 730840 730841
1211 733260 733261
1212 367235 367237
1213 735684 735685
1215 738112 738113
1216 369663 369665
1217 740544 740545
1219 742980 742981
1220 372099 372101
1221 745420 745421
1223 747864 747865
1224 374543 374545
1225 750312 750313
1227 752764 752765
1228 376995 376997
1229 755220 755221
1231 757680 757681
1232 379455 379457
1233 760144 760145
1235 762612 762613
1236 381923 381925
1237 765084 765085
1239 767560 767561
1240 384399 384401
1241 770040 770041
1243 772524 772525
1244 386883 386885
1245 775012 775013
1247 777504 777505
1248 389375 389377
1249 780000 780001
1251 782500 782501
1252 391875 391877
1253 785004 785005
1255 787512 787513
1256 394383 394385
1257 790024 790025
1259 792540 792541
1260 396899 396901
1261 795060 795061
1263 797584 797585
1264 399423 399425
1265 800112 800113
1267 802644 802645
1268 401955 401957
1269 805180 805181
1271 807720 807721
1272 404495 404497
1273 810264 810265
1275 812812 812813
1276 407043 407045
1277 815364 815365
1279 817920 817921
1280 409599 409601
1281 820480 820481
1283 823044 823045
1284 412163 412165
1285 825612 825613
1287 828184 828185
1288 414735 414737
1289 830760 830761
1291 833340 833341
1292 417315 417317
1293 835924 835925
1295 838512 838513
1296 419903 419905
1297 841104 841105
1299 843700 843701
1300 422499 422501
1301 846300 846301
1303 848904 848905
1304 425103 425105
1305 851512 851513
1307 854124 854125
1308 427715 427717
1309 856740 856741
1311 859360 859361
1312 430335 430337
1313 861984 861985
1315 864612 864613
1316 432963 432965
1317 867244 867245
1319 869880 869881
1320 435599 435601
1321 872520 872521
1323 875164 875165
1324 438243 438245
1325 877812 877813
1327 880464 880465
1328 440895 440897
1329 883120 883121
1331 885780 885781
1332 443555 443557
1333 888444 888445
1335 891112 891113
1336 446223 446225
