3 4
2+1 2*2
j+k j*2k j*j
2+1 1*4
j+k k*2j
5 12
3+2 3*4
j+k j*2k
3+2 2*6
j+k k*2j
8 15
5+3 5*3
j+k j*k
5+3 3*5
j+k k*j
7 24
4+3 4*6
j+k j*2k
4+3 3*8
j+k k*2j
20 21
10+10
11+9
12+8
13+7
j+k k*3
14+6
j+k k/2*j/2
2j+2k j*k
15+5
16+4
17+3
18+2
19+1
12 35
7+5 7*5
7+5 5*7
j+k j*k
j+k K*j
15 36
24 32
9 40
27 36
14 48
30 40
24 45
20 48
28 45
33 44
40 42
36 48
11 60
16 63
25 60
33 56
39 52
32 60
42 56
48 55
24 70
21 72
45 60
30 72
48 64
18 80
13 84
36 77
40 75
51 68
60 63
39 80
54 72
35 84
57 76
65 72
28 96
60 80
20 99
48 90
40 96
63 84
56 90
60 91
66 88
36 105
15 112
69 92
80 84
45 108
56 105
72 96
22 120
27 120
35 120
44 117
75 100
32 126
50 120
66 112
78 104
81 108
64 120
88 105
84 112
55 132
17 144
24 143
87 116
100 105
96 110
48 140
51 140
42 144
90 120
72 135
93 124
60 144
85 132
84 135
96 128
36 160
99 132
65 156
119 120
26 168
72 154
80 150
102 136
52 165
120 126
49 168
105 140
78 160
108 144
19 180
70 168
33 180
57 176
60 175
104 153
111 148
88 165
114 152
95 168
130 144
48 189
75 180
99 168
117 156
28 195
56 192
120 160
40 198
140 147
96 180
45 200
84 187
123 164
133 156
80 192
126 168
112 180
129 172
120 182
144 165
132 176
21 220
85 204
104 195
140 171
72 210
63 216
135 180
30 224
60 221
138 184
160 168
105 208
90 216
141 188
112 210
144 192
120 209
44 240
147 196
54 240
95 228
70 240
88 234
150 200
39 252
108 231
120 225
153 204
32 255
84 245
64 252
100 240
132 224
156 208
180 189
23 264
96 247
140 225
159 212
117 240
69 260
162 216
128 240
105 252
176 210
77 264
165 220
115 252
168 224
160 231
171 228
110 264
63 280
136 255
161 240
34 288
48 286
174 232
200 210
195 216
192 220
68 285
177 236
96 280
102 280
115 276
84 288
180 240
60 297
55 300
136 273
183 244
207 224
144 270
186 248
120 288
25 312
170 264
189 252
75 308
168 270
220 231
192 256
152 285
36 323
80 315
91 312
125 300
165 280
195 260
204 253
180 273
72 320
198 264
108 315
201 268
175 288
130 312
238 240
45 336
52 336
144 308
160 300
204 272
207 276
104 330
240 252
180 299
98 336
210 280
135 324
225 272
213 284
156 320
168 315
216 288
38 360
140 336
27 364
76 357
219 292
240 275
66 360
81 360
114 352
120 350
208 306
222 296
196 315
252 275
176 330
105 360
132 351
225 300
135 352
145 348
152 345
260 273
228 304
231 308
190 336
260 288
189 340
96 378
150 360
198 336
234 312
184 345
56 390
237 316
228 325
112 384
240 320
40 399
155 372
80 396
243 324
280 294
132 385
192 360
120 391
90 400
168 374
246 328
266 312
264 315
249 332
160 384
252 336
29 420
224 360
65 420
87 416
119 408
180 385
200 375
255 340
297 304
77 420
165 396
258 344
145 408
51 432
72 429
261 348
300 315
240 364
288 330
264 352
42 440
170 408
208 390
280 342
144 420
84 437
195 400
203 396
267 356
153 420
280 351
126 432
270 360
99 440
60 448
112 441
175 420
231 392
273 364
168 425
120 442
216 405
276 368
261 380
320 336
279 372
210 416
180 432
282 376
255 396
133 456
285 380
224 420
252 405
288 384
31 480
156 455
185 444
319 360
240 418
44 483
93 476
291 388
325 360
88 480
294 392
108 480
132 475
155 468
232 435
340 357
190 456
297 396
140 480
176 468
300 400
100 495
217 456
303 404
336 377
195 468
357 360
220 459
78 504
216 462
240 450
306 408
336 385
64 510
309 412
168 490
156 495
128 504
200 480
264 448
312 416
279 440
360 378
147 504
315 420
248 465
46 528
192 494
280 450
318 424
92 525
117 520
205 492
308 435
234 480
321 428
138 520
324 432
341 420
57 540
256 480
33 544
184 513
300 455
327 436
210 504
352 420
99 540
154 528
330 440
380 399
230 504
171 528
180 525
312 459
333 444
165 532
215 516
336 448
264 495
320 462
75 560
276 493
339 452
396 403
231 520
342 456
220 528
126 560
161 552
345 460
48 575
272 510
322 480
285 504
68 576
96 572
348 464
400 420
390 432
308 495
384 440
144 567
225 540
297 504
351 468
136 570
354 472
84 585
192 560
368 465
91 588
252 539
280 525
357 476
204 560
230 552
168 576
360 480
240 551
363 484
120 594
420 441
110 600
272 546
366 488
414 448
235 564
288 540
35 612
135 600
252 561
369 492
399 468
105 608
372 496
273 560
240 576
175 600
220 585
336 527
375 500
50 624
340 528
100 621
204 595
296 555
429 460
378 504
150 616
381 508
336 540
245 588
440 462
384 512
200 609
387 516
304 570
72 646
160 630
182 624
250 600
330 560
390 520
408 506
315 572
360 546
393 524
144 640
432 495
396 528
300 589
63 660
255 612
312 585
420 513
399 532
216 630
460 483
402 536
121 660
385 552
350 576
189 648
405 540
260 624
476 480
52 675
90 672
455 504
104 672
288 616
320 600
408 544
37 684
156 667
411 548
440 525
180 663
111 680
265 636
364 585
400 561
414 552
208 660
417 556
480 504
153 680
185 672
328 615
455 528
360 598
315 624
196 672
420 560
260 651
270 648
228 665
423 564
450 544
140 693
259 660
426 568
312 640
336 630
176 693
275 660
363 616
429 572
432 576
360 627
76 720
85 720
120 715
203 696
333 644
364 627
435 580
500 525
280 672
54 728
152 714
438 584
480 550
344 645
132 720
108 725
441 588
162 720
228 704
240 700
416 612
444 592
285 684
392 630
216 713
255 700
407 624
447 596
504 550
352 660
210 720
264 702
450 600
270 704
290 696
304 690
520 546
453 604
468 595
456 608
39 760
420 637
117 756
324 693
360 675
459 612
295 708
481 600
462 616
96 765
380 672
195 748
217 744
465 620
520 576
252 735
378 680
171 760
192 756
300 720
396 672
468 624
368 690
540 567
56 783
273 736
425 660
471 628
112 780
474 632
105 784
143 780
168 775
305 732
432 665
456 650
69 792
288 741
420 675
477 636
555 572
376 705
224 768
480 640
351 720
80 798
528 605
483 644
310 744
207 780
160 792
280 759
486 648
560 588
264 770
489 652
384 720
240 782
315 756
180 800
336 748
492 656
532 624
429 700
528 630
231 792
495 660
540 629
498 664
345 756
320 768
392 735
501 668
504 672
41 840
580 609
58 840
480 693
116 837
123 836
208 819
325 780
429 728
507 676
595 600
448 720
130 840
174 832
238 816
360 770
400 750
510 680
594 608
276 805
205 828
154 840
513 684
232 825
330 792
516 688
189 840
260 825
287 816
504 703
519 692
290 816
408 765
483 720
102 864
144 858
522 696
600 630
335 804
480 728
585 648
245 840
308 819
525 700
576 660
348 805
204 855
528 704
369 800
84 880
340 816
416 780
560 684
531 708
288 840
168 874
390 800
406 792
534 712
306 840
537 716
345 828
560 702
620 651
252 864
540 720
60 899
424 795
451 780
476 765
198 880
120 896
95 900
464 777
543 724
616 663
180 891
224 882
350 840
462 784
546 728
336 850
165 900
408 819
549 732
621 672
240 884
432 810
552 736
522 760
355 852
43 924
259 888
285 880
300 875
520 765
533 756
555 740
640 672
129 920
558 744
420 832
143 924
396 847
440 825
561 748
360 864
215 912
75 936
564 752
580 741
510 792
207 920
567 756
301 900
365 876
420 851
624 715
266 912
570 760
225 924
448 840
615 728
504 810
573 764
660 693
616 735
576 768
62 960
312 910
370 888
638 720
480 836
124 957
387 884
475 840
579 772
456 855
88 966
186 952
582 776
650 720
108 969
240 945
273 936
375 900
495 840
585 780
612 759
176 960
248 945
429 880
588 784
540 819
216 960
140 975
473 864
591 788
696 697
264 950
310 936
464 870
680 714
380 912
594 792
597 796
372 925
324 945
280 960
352 936
600 800
385 924
472 885
603 804
532 855
559 840
200 990
434 912
606 808
672 754
525 864
45 1012
390 936
714 720
119 1008
168 1001
609 812
700 735
135 1008
440 918
156 1008
432 924
480 900
612 816
660 779
672 770
64 1023
225 1000
287 984
420 935
496 897
615 820
665 780
395 948
128 1020
618 824
192 1015
621 828
336 980
187 1020
315 988
488 915
645 812
312 990
256 1008
400 960
528 896
624 832
558 880
357 980
720 756
627 836
540 897
320 999
294 1008
630 840
405 972
496 930
633 844
675 816
92 1056
384 988
560 900
636 848
620 861
639 852
184 1050
234 1040
410 984
616 870
715 792
468 960
731 780
642 856
504 945
348 1015
448 975
495 952
740 777
301 1032
645 860
276 1040
415 996
648 864
682 840
651 868
114 1080
512 960
66 1088
368 1026
600 910
654 872
420 1008
132 1085
81 1092
228 1071
657 876
720 825
704 840
585 928
198 1080
595 924
308 1056
660 880
760 798
47 1104
105 1100
169 1092
264 1073
272 1071
425 1020
468 1001
520 975
561 952
576 943
663 884
700 855
744 817
243 1080
460 1008
