3 4 5 [[3], [2], [5]]
5 12 13 [[5], [2, 3], [13]]
8 15 17 [[2], [3, 5], [17]]
7 24 25 [[7], [2, 3], [5]]
20 21 29 [[2, 5], [3, 7], [29]]
12 35 37 [[2, 3], [5, 7], [37]]
9 40 41 [[3], [2, 5], [41]]
28 45 53 [[2, 7], [3, 5], [53]]
11 60 61 [[11], [2, 3, 5], [61]]
16 63 65 [[2], [3, 7], [5, 13]]
33 56 65 [[3, 11], [2, 7], [5, 13]]
48 55 73 [[2, 3], [5, 11], [73]]
13 84 85 [[13], [2, 3, 7], [5, 17]]
36 77 85 [[2, 3], [7, 11], [5, 17]]
39 80 89 [[3, 13], [2, 5], [89]]
65 72 97 [[5, 13], [2, 3], [97]]
20 99 101 [[2, 5], [3, 11], [101]]
60 91 109 [[2, 3, 5], [7, 13], [109]]
15 112 113 [[3, 5], [2, 7], [113]]
44 117 125 [[2, 11], [3, 13], [5]]
88 105 137 [[2, 11], [3, 5, 7], [137]]
17 144 145 [[17], [2, 3], [5, 29]]
24 143 145 [[2, 3], [11, 13], [5, 29]]
51 140 149 [[3, 17], [2, 5, 7], [149]]
85 132 157 [[5, 17], [2, 3, 11], [157]]
119 120 169 [[7, 17], [2, 3, 5], [13]]
52 165 173 [[2, 13], [3, 5, 11], [173]]
19 180 181 [[19], [2, 3, 5], [181]]
57 176 185 [[3, 19], [2, 11], [5, 37]]
104 153 185 [[2, 13], [3, 17], [5, 37]]
95 168 193 [[5, 19], [2, 3, 7], [193]]
28 195 197 [[2, 7], [3, 5, 13], [197]]
84 187 205 [[2, 3, 7], [11, 17], [5, 41]]
133 156 205 [[7, 19], [2, 3, 13], [5, 41]]
21 220 221 [[3, 7], [2, 5, 11], [13, 17]]
140 171 221 [[2, 5, 7], [3, 19], [13, 17]]
60 221 229 [[2, 3, 5], [13, 17], [229]]
105 208 233 [[3, 5, 7], [2, 13], [233]]
120 209 241 [[2, 3, 5], [11, 19], [241]]
32 255 257 [[2], [3, 5, 17], [257]]
23 264 265 [[23], [2, 3, 11], [5, 53]]
96 247 265 [[2, 3], [13, 19], [5, 53]]
69 260 269 [[3, 23], [2, 5, 13], [269]]
115 252 277 [[5, 23], [2, 3, 7], [277]]
160 231 281 [[2, 5], [3, 7, 11], [281]]
161 240 289 [[7, 23], [2, 3, 5], [17]]
68 285 293 [[2, 17], [3, 5, 19], [293]]
136 273 305 [[2, 17], [3, 7, 13], [5, 61]]
207 224 305 [[3, 23], [2, 7], [5, 61]]
25 312 313 [[5], [2, 3, 13], [313]]
75 308 317 [[3, 5], [2, 7, 11], [317]]
36 323 325 [[2, 3], [17, 19], [5, 13]]
204 253 325 [[2, 3, 17], [11, 23], [5, 13]]
175 288 337 [[5, 7], [2, 3], [337]]
180 299 349 [[2, 3, 5], [13, 23], [349]]
225 272 353 [[3, 5], [2, 17], [353]]
27 364 365 [[3], [2, 7, 13], [5, 73]]
76 357 365 [[2, 19], [3, 7, 17], [5, 73]]
252 275 373 [[2, 3, 7], [5, 11], [373]]
135 352 377 [[3, 5], [2, 11], [13, 29]]
152 345 377 [[2, 19], [3, 5, 23], [13, 29]]
189 340 389 [[3, 7], [2, 5, 17], [389]]
228 325 397 [[2, 3, 19], [5, 13], [397]]
40 399 401 [[2, 5], [3, 7, 19], [401]]
120 391 409 [[2, 3, 5], [17, 23], [409]]
29 420 421 [[29], [2, 3, 5, 7], [421]]
87 416 425 [[3, 29], [2, 13], [5, 17]]
297 304 425 [[3, 11], [2, 19], [5, 17]]
145 408 433 [[5, 29], [2, 3, 17], [433]]
84 437 445 [[2, 3, 7], [19, 23], [5, 89]]
203 396 445 [[7, 29], [2, 3, 11], [5, 89]]
280 351 449 [[2, 5, 7], [3, 13], [449]]
168 425 457 [[2, 3, 7], [5, 17], [457]]
261 380 461 [[3, 29], [2, 5, 19], [461]]
31 480 481 [[31], [2, 3, 5], [13, 37]]
319 360 481 [[11, 29], [2, 3, 5], [13, 37]]
44 483 485 [[2, 11], [3, 7, 23], [5, 97]]
93 476 485 [[3, 31], [2, 7, 17], [5, 97]]
132 475 493 [[2, 3, 11], [5, 19], [17, 29]]
155 468 493 [[5, 31], [2, 3, 13], [17, 29]]
217 456 505 [[7, 31], [2, 3, 19], [5, 101]]
336 377 505 [[2, 3, 7], [13, 29], [5, 101]]
220 459 509 [[2, 5, 11], [3, 17], [509]]
279 440 521 [[3, 31], [2, 5, 11], [521]]
92 525 533 [[2, 23], [3, 5, 7], [13, 41]]
308 435 533 [[2, 7, 11], [3, 5, 29], [13, 41]]
341 420 541 [[11, 31], [2, 3, 5, 7], [541]]
33 544 545 [[3, 11], [2, 17], [5, 109]]
184 513 545 [[2, 23], [3, 19], [5, 109]]
165 532 557 [[3, 5, 11], [2, 7, 19], [557]]
276 493 565 [[2, 3, 23], [17, 29], [5, 113]]
396 403 565 [[2, 3, 11], [13, 31], [5, 113]]
231 520 569 [[3, 7, 11], [2, 5, 13], [569]]
48 575 577 [[2, 3], [5, 23], [577]]
368 465 593 [[2, 23], [3, 5, 31], [593]]
240 551 601 [[2, 3, 5], [19, 29], [601]]
35 612 613 [[5, 7], [2, 3, 17], [613]]
105 608 617 [[3, 5, 7], [2, 19], [617]]
336 527 625 [[2, 3, 7], [17, 31], [5]]
100 621 629 [[2, 5], [3, 23], [17, 37]]
429 460 629 [[3, 11, 13], [2, 5, 23], [17, 37]]
200 609 641 [[2, 5], [3, 7, 29], [641]]
315 572 653 [[3, 5, 7], [2, 11, 13], [653]]
300 589 661 [[2, 3, 5], [19, 31], [661]]
385 552 673 [[5, 7, 11], [2, 3, 23], [673]]
52 675 677 [[2, 13], [3, 5], [677]]
37 684 685 [[37], [2, 3, 19], [5, 137]]
156 667 685 [[2, 3, 13], [23, 29], [5, 137]]
111 680 689 [[3, 37], [2, 5, 17], [13, 53]]
400 561 689 [[2, 5], [3, 11, 17], [13, 53]]
185 672 697 [[5, 37], [2, 3, 7], [17, 41]]
455 528 697 [[5, 7, 13], [2, 3, 11], [17, 41]]
260 651 701 [[2, 5, 13], [3, 7, 31], [701]]
259 660 709 [[7, 37], [2, 3, 5, 11], [709]]
333 644 725 [[3, 37], [2, 7, 23], [5, 29]]
364 627 725 [[2, 7, 13], [3, 11, 19], [5, 29]]
108 725 733 [[2, 3], [5, 29], [733]]
216 713 745 [[2, 3], [23, 31], [5, 149]]
407 624 745 [[11, 37], [2, 3, 13], [5, 149]]
468 595 757 [[2, 3, 13], [5, 7, 17], [757]]
39 760 761 [[3, 13], [2, 5, 19], [761]]
481 600 769 [[13, 37], [2, 3, 5], [769]]
195 748 773 [[3, 5, 13], [2, 11, 17], [773]]
56 783 785 [[2, 7], [3, 29], [5, 157]]
273 736 785 [[3, 7, 13], [2, 23], [5, 157]]
168 775 793 [[2, 3, 7], [5, 31], [13, 61]]
432 665 793 [[2, 3], [5, 7, 19], [13, 61]]
555 572 797 [[3, 5, 37], [2, 11, 13], [797]]
280 759 809 [[2, 5, 7], [3, 11, 23], [809]]
429 700 821 [[3, 11, 13], [2, 5, 7], [821]]
540 629 829 [[2, 3, 5], [17, 37], [829]]
41 840 841 [[41], [2, 3, 5, 7], [29]]
116 837 845 [[2, 29], [3, 31], [5, 13]]
123 836 845 [[3, 41], [2, 11, 19], [5, 13]]
205 828 853 [[5, 41], [2, 3, 23], [853]]
232 825 857 [[2, 29], [3, 5, 11], [857]]
287 816 865 [[7, 41], [2, 3, 17], [5, 173]]
504 703 865 [[2, 3, 7], [19, 37], [5, 173]]
348 805 877 [[2, 3, 29], [5, 7, 23], [877]]
369 800 881 [[3, 41], [2, 5], [881]]
60 899 901 [[2, 3, 5], [29, 31], [17, 53]]
451 780 901 [[11, 41], [2, 3, 5, 13], [17, 53]]
464 777 905 [[2, 29], [3, 7, 37], [5, 181]]
616 663 905 [[2, 7, 11], [3, 13, 17], [5, 181]]
43 924 925 [[43], [2, 3, 7, 11], [5, 37]]
533 756 925 [[13, 41], [2, 3, 7], [5, 37]]
129 920 929 [[3, 43], [2, 5, 23], [929]]
215 912 937 [[5, 43], [2, 3, 19], [937]]
580 741 941 [[2, 5, 29], [3, 13, 19], [941]]
301 900 949 [[7, 43], [2, 3, 5], [13, 73]]
420 851 949 [[2, 3, 5, 7], [23, 37], [13, 73]]
615 728 953 [[3, 5, 41], [2, 7, 13], [953]]
124 957 965 [[2, 31], [3, 11, 29], [5, 193]]
387 884 965 [[3, 43], [2, 13, 17], [5, 193]]
248 945 977 [[2, 31], [3, 5, 7], [977]]
473 864 985 [[11, 43], [2, 3], [5, 197]]
696 697 985 [[2, 3, 29], [17, 41], [5, 197]]
372 925 997 [[2, 3, 31], [5, 37], [997]]
559 840 1009 [[13, 43], [2, 3, 5, 7], [1009]]
45 1012 1013 [[3, 5], [2, 11, 23], [1013]]
660 779 1021 [[2, 3, 5, 11], [19, 41], [1021]]
64 1023 1025 [[2], [3, 11, 31], [5, 41]]
496 897 1025 [[2, 31], [3, 13, 23], [5, 41]]
192 1015 1033 [[2, 3], [5, 7, 29], [1033]]
315 988 1037 [[3, 5, 7], [2, 13, 19], [17, 61]]
645 812 1037 [[3, 5, 43], [2, 7, 29], [17, 61]]
320 999 1049 [[2, 5], [3, 37], [1049]]
620 861 1061 [[2, 5, 31], [3, 7, 41], [1061]]
731 780 1069 [[17, 43], [2, 3, 5, 13], [1069]]
448 975 1073 [[2, 7], [3, 5, 13], [29, 37]]
495 952 1073 [[3, 5, 11], [2, 7, 17], [29, 37]]
132 1085 1093 [[2, 3, 11], [5, 7, 31], [1093]]
585 928 1097 [[3, 5, 13], [2, 29], [1097]]
47 1104 1105 [[47], [2, 3, 23], [5, 13, 17]]
264 1073 1105 [[2, 3, 11], [29, 37], [5, 13, 17]]
576 943 1105 [[2, 3], [23, 41], [5, 13, 17]]
744 817 1105 [[2, 3, 31], [19, 43], [5, 13, 17]]
141 1100 1109 [[3, 47], [2, 5, 11], [1109]]
