20 21 29          2(7+3) 7*3
28 45 53          2(9+5) 9*5
33 56 65          3(7+4) 2(7*4)
36 77 85          2(11+7) 11*7
39 80 89          3(8+5) 2(8*5)
44 117 125        2(13+9) 13*9
48 55 73          3(11+5) 11*5
51 140 149        3(10+7) 2(10*7)
52 165 173        2(15+11) 15*11
57 176 185        3(11+8) 2(11*8)
60 91 109         3(13+7) 13*7
60 221 229        2(17+13) 17*13
65 72 97          5(9+4) 2(9*4)
68 285 293        2(19+15) 19*15
69 260 269        3(13+10) 2(13*10)
75 308 317        5(11+4) 7(11*4)
76 357 365          
84 437 445          
84 187 205          
85 132 157          
87 416 425          
88 105 137          
92 525 533          
93 476 485          
95 168 193          
96 247 265          
100 621 629         
104 153 185         
105 608 617         
105 208 233         
108 725 733         
111 680 689         
115 252 277         
116 837 845         
119 120 169         
120 391 409         
120 209 241         
123 836 845         
124 957 965         
129 920 929         
132 475 493         
132 1085 1093         
133 156 205         
135 352 377         
136 273 305         
140 1221 1229         
140 171 221         
141 1100 1109         
145 408 433         
147 1196 1205         
148 1365 1373         
152 345 377         
155 468 493         
156 667 685         
156 1517 1525         
159 1400 1409         
160 231 281         
161 240 289         
164 1677 1685         
165 532 557         
165 1508 1517         
168 425 457         
168 775 793         
172 1845 1853         
175 288 337         
177 1736 1745         
180 299 349         
180 2021 2029         
183 1856 1865         
184 513 545         
185 672 697         
188 2205 2213         
189 340 389         
192 1015 1033         
195 748 773         
195 2108 2117         
196 2397 2405         
200 609 641         
201 2240 2249         
203 396 445         
204 2597 2605         
204 253 325         
204 1147 1165         
205 828 853         
207 224 305         
212 2805 2813         
213 2516 2525         
215 912 937         
216 713 745         
217 456 505         
219 2660 2669         
220 3021 3029         
220 459 509         
225 272 353         
228 3245 3253         
228 1435 1453         
228 325 397         
231 520 569         
231 2960 2969         
232 825 857         
235 1092 1117         
236 3477 3485         
237 3116 3125         
240 551 601         
240 1591 1609         
244 3717 3725         
245 1188 1213         
248 945 977         
249 3440 3449         
252 3965 3973         
252 275 373         
255 1288 1313         
255 3608 3617         
259 660 709         
260 4221 4229         
260 651 701         
261 380 461         
264 1073 1105         
264 1927 1945         
265 1392 1417         
267 3956 3965         
268 4485 4493         
273 736 785         
273 4136 4145         
276 493 565         
276 2107 2125         
276 4757 4765         
279 440 521         
280 351 449         
280 759 809         
280 1209 1241         
284 5037 5045         
285 1612 1637         
285 4508 4517         
287 816 865         
291 4700 4709         
292 5325 5333         
295 1728 1753         
296 1353 1385         
297 304 425         
300 589 661         
300 5621 5629         
300 2491 2509         
301 900 949         
303 5096 5105         
305 1848 1873         
308 435 533         
308 5925 5933         
309 5300 5309         
312 2695 2713         
312 1505 1537         
315 1972 1997         
315 572 653         
315 988 1037          
316 6237 6245         
319 360 481         
320 999 1049          
321 5720 5729         
324 6557 6565         
327 5936 5945         
328 1665 1697         
329 1080 1129         
332 6885 6893         
333 644 725         
335 2232 2257         
336 377 505         
336 3127 3145         
336 527 625         
339 6380 6389         
340 7221 7229         
340 1131 1181         
341 420 541         
344 1833 1865         
345 2368 2393         
345 6608 6617         
348 3355 3373         
348 7565 7573         
348 805 877         
355 2508 2533         
356 7917 7925         
357 1276 1325         
357 7076 7085         
360 2009 2041         
360 1271 1321         
363 7316 7325         
364 8277 8285         
364 627 725         
365 2652 2677         
368 465 593         
369 800 881         
371 1380 1429         
372 8645 8653         
372 3835 3853         
372 925 997         
375 7808 7817         
376 2193 2225         
380 1419 1469         
380 9021 9029         
381 8060 8069         
384 4087 4105         
385 2952 2977         
385 552 673         
385 1488 1537         
387 884 965         
388 9405 9413         
392 2385 2417         
393 8576 8585         
395 3108 3133         
396 403 565         
396 9797 9805         
399 1600 1649         
399 8840 8849         
400 561 689         
404 10197 10205         
405 3268 3293         
407 624 745         
408 2585 2617         
408 4615 4633         
411 9380 9389         
412 10605 10613         
413 1716 1765         
415 3432 3457         
417 9656 9665         
420 1739 1789         
420 1189 1261         
420 11021 11029         
420 851 949         
420 4891 4909         
423 1064 1145         
424 2793 2825         
427 1836 1885         
428 11445 11453         
429 10220 10229         
429 460 629         
429 700 821         
432 665 793         
435 3772 3797         
435 10508 10517         
436 11877 11885         
440 3009 3041         
440 1911 1961         
441 1160 1241         
444 12317 12325         
444 5467 5485         
444 1333 1405         
445 3948 3973         
447 11096 11105         
448 975 1073          
451 780 901         
452 12765 12773         
453 11396 11405         
455 528 697         
455 4128 4153         
455 2088 2137         
456 5767 5785         
456 3233 3265         
460 2091 2141         
460 13221 13229         
464 777 905         
465 4312 4337         
465 12008 12017         
468 595 757         
468 13685 13693         
469 2220 2269         
471 12320 12329         
472 3465 3497         
473 864 985         
476 14157 14165         
476 1107 1205         
477 1364 1445         
480 2279 2329         
480 6391 6409         
481 600 769         
483 12956 12965         
483 2356 2405         
484 14637 14645         
485 4692 4717         
488 3705 3737         
489 13280 13289         
492 1645 1717         
492 15125 15133         
492 6715 6733         
495 4888 4913         
495 1472 1553         
495 952 1073          
496 897 1025          
497 2496 2545         
500 15621 15629         
501 13940 13949         
504 3953 3985         
504 703 865         
504 1247 1345         
505 5088 5113         
507 14276 14285         
508 16125 16133         
511 2640 2689         
515 5292 5317         
516 7387 7405         
516 1813 1885         
516 16637 16645         
517 1044 1165         
519 14960 14969         
520 2679 2729         
520 4209 4241         
524 17157 17165         
525 15308 15317         
525 2788 2837         
528 7735 7753         
528 1025 1153         
531 1700 1781         
532 17685 17693         
532 1395 1493         
533 756 925         
535 5712 5737         
536 4473 4505         
537 16016 16025         
539 1140 1261         
540 2891 2941         
540 18221 18229         
540 629 829         
543 16376 16385         
545 5928 5953         
548 18765 18773         
549 1820 1901         
552 8455 8473         
552 4745 4777         
553 3096 3145         
555 17108 17117         
555 572 797         
555 6148 6173         
556 19317 19325         
559 840 1009          
560 1551 1649         
560 3111 3161         
560 1161 1289         
561 17480 17489         
561 1240 1361         
564 8827 8845         
564 2173 2245         
564 19877 19885         
565 6372 6397         
567 3256 3305         
568 5025 5057         
572 20445 20453         
573 18236 18245         
576 943 1105          
579 18620 18629         
580 741 941         
580 21021 21029         
580 3339 3389         
581 3420 3469         
583 1344 1465         
584 5313 5345         
585 6832 6857         
585 928 1097          
585 2072 2153         
588 9595 9613         
588 21605 21613         
588 2365 2437         
591 19400 19409         
592 1305 1433         
595 3588 3637         
595 7068 7093         
596 22197 22205         
597 19796 19805         
600 5609 5641         
600 9991 10009          
603 2204 2285         
604 22797 22805         
605 7308 7333         
609 20600 20609         
609 3760 3809         
611 1020 1189         
612 23405 23413         
612 1075 1237         
615 7552 7577         
615 21008 21017         
615 728 953         
616 5913 5945         
616 1887 1985         
616 663 905         
620 3819 3869         
620 861 1061          
620 24021 24029         
623 3936 3985         
624 1457 1585         
624 10807 10825         
627 21836 21845         
627 1564 1685         
628 24645 24653         
632 6225 6257         
633 22256 22265         
635 8052 8077         
636 2773 2845         
636 11227 11245         
636 25277 25285         
637 1116 1285         
639 2480 2561         
640 4071 4121         
644 2067 2165         
644 25917 25925         
645 23108 23117         
645 812 1037          
645 8308 8333         
648 6545 6577         
649 1680 1801         
651 4300 4349         
651 23540 23549         
652 26565 26573         
655 8568 8593         
656 1617 1745         
657 2624 2705         
660 12091 12109         
660 4331 4381         
660 27221 27229         
660 2989 3061         
660 779 1021          
660 989 1189          
663 1216 1385         
663 24416 24425         
664 6873 6905         
665 8832 8857         
665 4488 4537         
668 27885 27893         
669 24860 24869         
671 1800 1921         
672 12535 12553         
672 2255 2353         
676 28557 28565         
679 4680 4729         
680 7209 7241         
680 4599 4649         
681 25760 25769         
684 29237 29245         
684 1363 1525         
685 9372 9397         
687 26216 26225         
688 1785 1913         
689 1320 1489         
692 29925 29933         
693 1924 2045         
693 4876 4925         
693 2924 3005         
695 9648 9673         
696 697 985         
696 13447 13465         
696 7553 7585         
699 27140 27149         
700 30621 30629         
700 2451 2549         
704 903 1145          
705 27608 27617         
705 9928 9953         
705 992 1217          
707 5076 5125         
708 31325 31333         
708 3445 3517         
708 13915 13933         
711 3080 3161         
712 7905 7937         
715 1428 1597         
715 10212 10237         
715 2052 2173         
716 32037 32045         
