109
149
157
181
193
199
211
214
241
268
271
277
281
298
301
309
313
317
331
334
337
353
358
367
379
382
394
397
409
412
421
433
436
449
454
457
461
463
477
478
481
487
489
491
493
501
508
509
517
521
523
526
538
541
547
553
554
556
565
569
571
581
586
589
593
596
597
599
601
604
607
610
613
614
617
619
622
628
631
634
637
641
643
649
652
653
661
669
673
679
681
685
686
691
694
709
716
718
719
721
724
739
746
749
751
753
757
764
766
769
772
773
778
787
789
790
796
797
801
809
811
814
821
823
826
829
834
835
838
844
849
853
856
857
859
862
863
865
869
871
877
881
883
886
889
893
907
911
913
919
921
922
926
929
931
937
941
946
947
949
953
956
958
964
967
970
971
972
974
977
981
988
989
991
997
